# Frame list with one line of data per frame:
#   FRAME_ID, RIG_ID, RIG_FROM_WORLD[QW, QX, QY, QZ, TX, TY, TZ], NUM_DATA_IDS, DATA_IDS[] as (SENSOR_TYPE, SENSOR_ID, DATA_ID)
# Number of frames: 100
1 1 0.086852816783762596 -0.0013032501357510659 0.49949222966003021 0.86195266822782179 -0.098167333324800266 -1.4003324151256396 1.9999760807845515 1 CAMERA 1 1
2 1 -0.15482314583164869 0.093092786154873791 0.65500247955430746 0.73371334897112506 -0.36428484147550871 -2.2143717941560124 2.8403490443388075 1 CAMERA 1 2
3 1 0.98644558629596957 0.10114584303690902 0.00577113913739469 0.12907872662298198 0.3161824440786663 -0.69523032840179433 1.7176415165153334 1 CAMERA 1 3
4 1 0.21822069297463983 -0.089227890704776686 0.6628929758907034 0.71062719846119871 0.074630903337694357 -2.250093214967567 2.8556708915282751 1 CAMERA 1 4
5 1 0.68642958851087543 -0.20151504801964784 0.37848274497259471 0.58733033056061335 0.53665306081770769 -1.9192418373399973 2.5002797257167368 1 CAMERA 1 5
6 1 0.37548147608759902 -0.19692149593578831 0.65145969465083275 0.62915487107621837 0.28511843727895192 -2.4146111059519599 3.1852589596884777 1 CAMERA 1 6
7 1 0.69242689772835542 -0.30337663787513014 0.41998533902930557 0.50211544677923126 0.55155991648230174 -2.3242368870840435 3.095166772492616 1 CAMERA 1 7
8 1 0.84368990787144182 -0.42424378688689623 0.2132947203269788 0.25041946993870046 0.47881556025918581 -2.551053351230514 3.685183909328837 1 CAMERA 1 8
9 1 0.032901818482803866 0.022675739533396622 0.18661376403067509 0.98162038703943078 -0.15299892456390865 0.31077891851789718 1.6283556108773336 1 CAMERA 1 9
10 1 0.9485664014493661 0.0079044696926957713 0.071912746360124749 0.30820100309898685 0.47010387135705867 -1.0284138117143087 1.8570746012017429 1 CAMERA 1 10
11 1 -0.034993077287375135 0.042220274204229094 0.72097978479930447 0.69078294919520733 -0.24410850249987448 -2.3965880509395241 3.1345243683989481 1 CAMERA 1 11
12 1 0.26835799176425185 0.0080013340816131959 0.30561499687355265 0.91352035587344782 0.11055632955598667 -0.41874814424550211 1.6359233892827316 1 CAMERA 1 12
13 1 0.43810366719898552 -0.1937302328269537 0.58505379923230061 0.65440494013986927 0.34190978179454451 -2.2493701501026448 2.8858924614195622 1 CAMERA 1 13
14 1 0.1282712525927214 -0.031112589063142407 0.61502152344063632 0.77738472988915941 -0.045898100813622798 -1.9844638182714063 2.4928476837596523 1 CAMERA 1 14
15 1 0.46793076033086772 -0.10326166777184402 0.44146432552781539 0.75860864798091021 0.35045954108530425 -1.526753966952616 2.1155042571679852 1 CAMERA 1 15
16 1 0.93325017686656486 -0.34847683756319947 0.036096188007472087 0.079404447430898376 0.27695476512731682 -2.4586936560618193 3.2883576774297931 1 CAMERA 1 16
17 1 0.37450225848682223 -0.085781381883085206 0.48296357179581711 0.78685182927202024 0.24382515055442611 -1.5718328886060893 2.134570837928603 1 CAMERA 1 17
18 1 0.011670495101741505 0.016935434681144695 0.54945670267064117 0.83526901204734494 -0.18457535257563212 -1.654316473846138 2.1869242918445777 1 CAMERA 1 18
19 1 0.14880147464053967 -0.033448985103415353 0.58555911997786469 0.79615312820531003 -0.023939162229758865 -1.8551375618779722 2.3574775238895156 1 CAMERA 1 19
20 1 0.67764570237989441 -0.3832287351808964 -0.4549184602543716 -0.43241326656047657 -0.4793221661763854 -2.5787735880501357 3.8189681713315848 1 CAMERA 1 20
21 1 -0.3450412772900453 0.11265565413608579 0.49898810021131229 0.78693462015896232 -0.49339574620771953 -1.7333419708805897 2.3093259734390235 1 CAMERA 1 21
22 1 0.54253039063027042 -0.21957809633241404 -0.49713424418939273 -0.64054959067026229 -0.56362081135123998 -2.1995551449615389 2.8782054960685608 1 CAMERA 1 22
23 1 0.33520126493499686 0.051604248386318621 0.17236902829449952 0.92480594268163707 0.18841520484920171 0.28549600416470622 1.6272859772044239 1 CAMERA 1 23
24 1 0.59474524497513392 -0.16750908832150851 0.42520292097061618 0.66137831451236817 0.47268757307491482 -1.8147421340973402 2.3808038924820436 1 CAMERA 1 24
25 1 0.51707527591782521 -0.34685869203411696 -0.59809352247220204 -0.50458532001206702 -0.56069195702734298 -2.5807570314416588 3.9431205364239856 1 CAMERA 1 25
26 1 0.99684746365661381 0.076769662821585608 -0.019254878547951996 0.0055500201567114426 0.19565142442793948 -0.87512510531153487 1.7617552393543028 1 CAMERA 1 26
27 1 -0.44727459617906401 0.2545605528064373 0.6063669459605141 0.60618766682790171 -0.55635938349358494 -2.449381783288898 3.388975568799443 1 CAMERA 1 27
28 1 0.80641478297157665 -0.46597541377154905 -0.27476263709849646 -0.23888826848553849 -0.21780238115991965 -2.6476558362937865 4.1284627042439093 1 CAMERA 1 28
29 1 0.50744699413193939 -0.091379479007720379 -0.37030008859774227 -0.77267404728464995 -0.55629667891369405 -1.3611671526565472 2.0494745487617254 1 CAMERA 1 29
30 1 0.8342813912678464 -0.45059668357299532 -0.23550075616432806 -0.21325239220987516 -0.16682866665406254 -2.6414299529962442 3.9984161436701156 1 CAMERA 1 30
31 1 0.011113800655534878 0.015981570232965158 0.73526529701554777 0.67749982719740676 -0.1891451933792726 -2.4368503799986891 3.2111945446828196 1 CAMERA 1 31
32 1 0.81992907501412282 -0.52931957590636169 -0.17682551387665679 -0.12755326789639954 -0.050404652167519652 -2.6534645111112143 4.4469951862147621 1 CAMERA 1 32
33 1 0.58424167488642531 -0.18285653367165663 0.447182554966298 0.65211418935130128 0.46687394801870075 -1.9184495887518673 2.4841803926733941 1 CAMERA 1 33
34 1 -0.10412986008970651 0.038860513978954396 0.46021064708266607 0.88082517732109789 -0.29764490222623774 -1.2409620173214035 1.9272000257694888 1 CAMERA 1 34
35 1 -0.049576979043828948 0.039835828653467506 0.609571436204144 0.79017586274727258 -0.25356331588180586 -1.9574632751569363 2.4799237573941348 1 CAMERA 1 35
36 1 0.36625521029370728 -0.19518991202213909 0.65975377527705703 0.62648461687831758 0.27406465137168795 -2.4306260350481232 3.2194763422514034 1 CAMERA 1 36
37 1 0.41083164000727007 -0.14152395031159137 0.54504149509446631 0.71702029516766674 0.2971450135045699 -1.9823258553654202 2.5148284651444537 1 CAMERA 1 37
38 1 0.99509762237210198 -0.096640727650483038 -0.020857846667572472 -0.002498387673440509 0.17530641392195398 -1.6780312078237305 2.2083576619265206 1 CAMERA 1 38
39 1 0.91020459646509333 -0.24781926631003323 0.16103157580053648 0.29014140589472864 0.47991782825464674 -2.1228224725449105 2.7374990758410118 1 CAMERA 1 39
40 1 -0.46173482102649549 0.14326348196574404 0.46883260093376639 0.73923779806525103 -0.54984832144479667 -1.8184824962124995 2.4052234452400687 1 CAMERA 1 40
41 1 0.5354338415788138 -0.20433661512193396 0.50665134781108256 0.64409747769563419 0.43370061739623628 -2.1091670968691862 2.7019241067908779 1 CAMERA 1 41
42 1 0.79854188711601248 -0.49783844936183896 0.24236930304726667 0.236103481123383 0.48552050397464569 -2.6130149524559569 4.1503464755913235 1 CAMERA 1 42
43 1 0.90668538935157283 -0.33007615956314662 0.14218795495183029 0.22080289647340931 0.43251044345229916 -2.3790796616194396 3.1570908746064279 1 CAMERA 1 43
44 1 0.99690815248430409 -0.030644038747743726 -0.040264925488694696 -0.060115007901089611 0.11593762746782764 -1.4039314194892103 2.0098268892625906 1 CAMERA 1 44
45 1 -0.034331556843782439 0.020118434821196119 0.30364732978302816 0.9519531983772439 -0.22769865672188122 -0.34792117501430836 1.6361047795032737 1 CAMERA 1 45
46 1 0.60607504875099993 -0.14506209939799802 0.39616915198894603 0.67429965565175687 0.47681566133023795 -1.6627544312456863 2.2489945609462101 1 CAMERA 1 46
47 1 0.96600484253026153 -0.16712609805584616 -0.10252111328969116 -0.16850202635741365 -0.033944437566503075 -1.9739396439037658 2.4816199697692474 1 CAMERA 1 47
48 1 0.020645682258304592 0.016633666957177148 0.38401920972825238 0.92294437724455269 -0.16742802038555443 -0.77629220814527822 1.7247753004488027 1 CAMERA 1 48
49 1 -0.2376741961180166 0.15606505824483402 0.69574711540085143 0.65961399735457826 -0.44533026366092904 -2.4370912609683328 3.2993309873649364 1 CAMERA 1 49
50 1 0.72393453695961385 -0.1088098935724206 -0.29023395940598345 -0.61631440196165632 -0.51657626688643599 -1.554623272182982 2.1692135658958467 1 CAMERA 1 50
51 1 0.52387295500703412 -0.0032788691339246125 0.26535353748679041 0.80940340756179618 0.38188863706536957 -0.55156704991088801 1.6909335880005607 1 CAMERA 1 51
52 1 0.50672058908621231 -0.23797707995960893 0.56030980054094326 0.61045399616006146 0.42085105278253754 -2.3159248741335854 3.0260954121186114 1 CAMERA 1 52
53 1 0.31271891696422527 -0.072221634860323777 0.5067920249174962 0.80009546799794329 0.1723949887407443 -1.6066763905398709 2.1516274070925099 1 CAMERA 1 53
54 1 0.23296421644784546 -0.024898420242258669 0.43900932841954859 0.86739757440570364 0.073506632247260381 -1.1473806705140881 1.8643628395394782 1 CAMERA 1 54
55 1 0.30410222757944205 -0.10953024119960662 0.59815886428246889 0.73330139405587136 0.17261671944187795 -2.0622586131198046 2.5931031428105151 1 CAMERA 1 55
56 1 0.26443497220463374 -0.0085431084927829627 0.36229051531706347 0.89372632460038448 0.10748225942921015 -0.74070459647845022 1.7115116982019065 1 CAMERA 1 56
57 1 0.65347822241441023 -0.058780397236995796 -0.27434264746165093 -0.70302716129214804 -0.55394286636021661 -1.1709876019968373 1.9436084295716725 1 CAMERA 1 57
58 1 0.77407725559963847 0.029462711292573805 -0.16236099328299025 -0.61120803239713994 -0.47869941541897809 -0.75862903436546858 1.7593570553446118 1 CAMERA 1 58
59 1 0.858639576378049 -0.30919713209174171 -0.2533604635146216 -0.32084838617518818 -0.2688015985814079 -2.415995128206982 3.18228892273889 1 CAMERA 1 59
60 1 0.034574349739705794 0.0024275344730178205 0.72571864528400076 0.68711801701280795 -0.16000336339889204 -2.4061445986679657 3.1392039196238932 1 CAMERA 1 60
61 1 0.75511780999595335 -0.40846737489589535 0.35471916953867227 0.37030501945607736 0.5578356106052329 -2.5291991568650563 3.660432132014749 1 CAMERA 1 61
62 1 0.94683415391350423 -0.31984364449214825 -0.032301796258845064 -0.012716997260793507 0.15831583252102505 -2.4167342660139308 3.1643950499356088 1 CAMERA 1 62
63 1 0.82491167168449764 -0.51511367027668487 0.16206907606791518 0.16706961182471994 0.40949094236026773 -2.6277538861024423 4.2396756410988212 1 CAMERA 1 63
64 1 0.75338965098253385 0.11327674124149963 0.086798603440277733 0.64190218579386349 0.55107075552304752 0.040015570883253263 1.6621563219820366 1 CAMERA 1 64
65 1 0.59380153465646335 -0.20617915860693115 -0.44826131189816198 -0.63557193790404709 -0.55876377906192598 -2.0959041768576738 2.7243539752870882 1 CAMERA 1 65
66 1 0.97399238051193027 -0.14283968981784473 -0.09065966136991499 -0.15071991082049399 -0.0016506583992736171 -1.8830864692577123 2.3862328043741385 1 CAMERA 1 66
67 1 0.71847795817237292 -0.41904658521557964 -0.41055216420431223 -0.37367941274142397 -0.41676089305946296 -2.6122885757694672 3.9832756763014716 1 CAMERA 1 67
68 1 0.7104783535356789 -0.30613107166924775 -0.40975557011801633 -0.48332664821332599 -0.48197154456438046 -2.4206888953320691 3.2715464171820674 1 CAMERA 1 68
69 1 0.97409025099876234 0.14129957688774722 0.0073871443393105736 0.17643141040932034 0.36096418040756056 -0.45164875533820015 1.6679274566078668 1 CAMERA 1 69
70 1 0.81039151336908455 -0.18122856338867493 -0.2787408217423879 -0.48241616594577347 -0.41933041046563541 -1.9674785103377657 2.5239542971943805 1 CAMERA 1 70
71 1 0.73182948897723443 -0.023505541302971 -0.21639253350344229 -0.64579204085784137 -0.51595836995521716 -1.0267435680152179 1.8677370347842399 1 CAMERA 1 71
72 1 -0.47618741451004853 0.2964519087025233 0.61115504880933325 0.55843649451278488 -0.5617634173753614 -2.5296536798049432 3.6642214650890064 1 CAMERA 1 72
73 1 0.89752060884135731 -0.40967543626347103 0.092390418540421293 0.1344871896847421 0.35084077133035124 -2.5535934019031337 3.6080337231563431 1 CAMERA 1 73
74 1 0.46020872068129515 -0.14468233238548359 0.50574377112888058 0.71519101928695983 0.35017996874727891 -1.8821632839206521 2.4179062750030669 1 CAMERA 1 74
75 1 0.99897120685335195 -0.022392479210250924 -0.0080744949683983647 0.038599317141387195 0.22780588235010965 -1.341604759615161 1.9816011759395029 1 CAMERA 1 75
76 1 0.030432124561718212 0.0076929613972750079 0.64077203941537186 0.76708923707940613 -0.16289624024432278 -2.0793441440008378 2.6110187177727053 1 CAMERA 1 76
77 1 0.79342403765194391 -0.37019132408096528 -0.32937406379134104 -0.35348183284695972 -0.34521618298992079 -2.5482188030578534 3.582723631868733 1 CAMERA 1 77
78 1 0.74247580241801281 -0.20499518935207417 -0.34196258355788134 -0.53830126008830248 -0.48361878368969902 -2.0578239159595468 2.6488374553900673 1 CAMERA 1 78
79 1 0.28487123032306383 -0.033173891600148074 0.42737755238272324 0.85737757305033258 0.13261737890157321 -1.1321058972951188 1.8583032222681095 1 CAMERA 1 79
80 1 0.93430807414590245 -0.049075242211171738 -0.13268083307263864 -0.32719388704992697 -0.20664999508879109 -1.4491623108137268 2.043067968361318 1 CAMERA 1 80
81 1 0.26022649064683062 -0.083533946016586327 0.59141390427210694 0.7586394711996971 0.11524145508579552 -1.9722422925816037 2.4931525242199593 1 CAMERA 1 81
82 1 0.61508865468755569 -0.00048554821476781034 0.23206468311165529 0.75353280882113616 0.4690822380232732 -0.56883268565727041 1.7120014771987369 1 CAMERA 1 82
83 1 0.29341435194091076 -0.077606121601187641 0.5390618806948736 0.78568288561405164 0.15084810790742489 -1.7506255864183875 2.2713664824312865 1 CAMERA 1 83
84 1 0.010743632394201522 0.016186803453365834 0.66515251764841254 0.74645474747161922 -0.1867341296606376 -2.1828655818305016 2.7529690515823964 1 CAMERA 1 84
85 1 0.4420204187541274 -0.23714790213198458 0.62222934803671404 0.60100703852836079 0.36446711148299338 -2.4312394590667759 3.252510251401922 1 CAMERA 1 85
86 1 0.41653918751855162 -0.16782104091022504 0.57556891454224812 0.68341175589965653 0.31136046686379382 -2.1520199190574139 2.7321117776454495 1 CAMERA 1 86
87 1 0.94885801676039527 -0.097382161080472845 0.098739444094076451 0.28361188429404549 0.46104410044984906 -1.5433672092035324 2.148849282728615 1 CAMERA 1 87
88 1 0.90955004188077759 -0.38605024269417437 0.083017169962935719 0.12958426185995725 0.34098338148790591 -2.5177946830752256 3.4774752158443976 1 CAMERA 1 88
89 1 0.87758582421644071 -0.13529193438288684 -0.20746807220863814 -0.41048290176244651 -0.32489626367229274 -1.7993099564204997 2.3320535919521261 1 CAMERA 1 89
90 1 0.83844135476062887 -0.19086351478399979 0.24197987547499625 0.449480759562147 0.55176458207129886 -1.8556102491207116 2.4386497295438567 1 CAMERA 1 90
91 1 0.63807340214660124 -0.30160909338866443 0.47240937295617574 0.52794286869081075 0.52992500934829656 -2.3634130091831334 3.1676090736024709 1 CAMERA 1 91
92 1 -0.46803710953260325 0.28071039346196969 0.60815964925187704 0.57644148022555264 -0.56036269774633807 -2.5012080921433086 3.5532656881593483 1 CAMERA 1 92
93 1 0.92829771432952091 -0.25029747541879371 -0.15812931892727927 -0.22496587711286425 -0.12004023351342449 -2.2542422443232226 2.8549913621696925 1 CAMERA 1 93
94 1 -0.38507415533333916 0.25224689529083061 0.66288082355540923 0.59048997660667768 -0.53981982375407422 -2.5218972437205802 3.6153764781215636 1 CAMERA 1 94
95 1 -0.36465316784796936 0.14737134924851938 0.54668218903660759 0.73922143961688147 -0.51232959626843599 -2.0115054847212348 2.6052309269391918 1 CAMERA 1 95
96 1 0.45030458121585953 -0.23056204971807048 0.60873062153491386 0.6111578812152626 0.36778873536809248 -2.3919290496138261 3.1626619705378793 1 CAMERA 1 96
97 1 0.99749269536181651 0.057401129867696597 -0.027462811738052994 -0.030971389396836097 0.15344676367869925 -0.98073686219886058 1.7989339710800336 1 CAMERA 1 97
98 1 0.68248718796898322 -0.40012389562459305 -0.4508200405679918 -0.41336835562324292 -0.46503112959629367 -2.5970275895194121 3.9229090004299243 1 CAMERA 1 98
99 1 0.96676135915495431 -0.23600626195046806 -0.064975782463512613 -0.073835401118208632 0.084467710820920736 -2.2001849438918804 2.7719296791828993 1 CAMERA 1 99
100 1 0.73928740888491651 0.077151113351887887 0.12064355467625301 0.65798705571452432 0.54590377972489545 -0.16825696893074032 1.6676098998273585 1 CAMERA 1 100
